EUK_Mixia_G7DX39	UniRef90_G7DX39	100.0	323	0	0	1	323	1	323	1.2e-181	645.2
EUK_Mixia_G7DX39	UniRef90_A0A0D1EC87	46.5	284	140	6	9	285	10	288	1.1e-57	233.4
EUK_Mixia_G7DX39	UniRef90_A0A316ZC52	47.0	270	133	5	18	280	13	279	4.3e-57	231.5
EUK_Mixia_G7DX39	UniRef90_A0A317XXK4	44.2	285	146	6	9	285	181	460	9.5e-57	230.3
EUK_Mixia_G7DX39	UniRef90_A0A316UFJ9	45.8	277	144	3	13	285	14	288	2.8e-56	228.8
EUK_Mixia_G7DX39	UniRef90_A0A6A5SNK3	45.3	247	123	3	35	269	45	291	3.6e-56	228.4
EUK_Mixia_G7DX39	UniRef90_F4S3M3	46.7	229	118	1	41	269	40	264	3.6e-56	228.4
EUK_Mixia_G7DX39	UniRef90_R4XKS9	44.0	243	135	1	34	276	22	263	6.2e-56	227.6
EUK_Mixia_G7DX39	UniRef90_A0A2D3V2G6	42.2	275	146	4	7	269	6	279	8.0e-56	227.3
EUK_Mixia_G7DX39	UniRef90_UPI000CE2567E	42.3	279	143	5	18	282	13	287	1.8e-55	226.1
EUK_Mixia_G7DX39	UniRef90_K2QZI9	43.6	264	134	4	18	269	33	293	2.3e-55	225.7
EUK_Mixia_G7DX39	UniRef90_A0A4U0UDF5	40.5	301	155	6	4	284	1	297	2.3e-55	225.7
EUK_Mixia_G7DX39	UniRef90_E3RRZ8	46.0	248	122	2	34	269	46	293	3.1e-55	225.3
EUK_Mixia_G7DX39	UniRef90_A0A364NEP0	46.7	246	120	3	35	269	47	292	3.1e-55	225.3
EUK_Mixia_G7DX39	UniRef90_A0A136J1G8	42.1	290	153	4	5	286	7	289	3.1e-55	225.3
EUK_Mixia_G7DX39	UniRef90_A0A9P6TFJ4	47.2	250	123	3	33	278	36	280	3.1e-55	225.3
EUK_Mixia_G7DX39	UniRef90_A0A6G1GIW0	41.4	278	148	4	15	280	31	305	5.2e-55	224.6
EUK_Mixia_G7DX39	UniRef90_A0A6A5KE76	44.0	248	127	3	34	269	48	295	6.8e-55	224.2
EUK_Mixia_G7DX39	UniRef90_A0A9P4HT00	42.8	264	136	4	18	269	31	291	6.8e-55	224.2
EUK_Mixia_G7DX39	UniRef90_A0A9W4UI38	44.6	249	126	2	33	269	44	292	1.2e-54	223.4
EUK_Mixia_G7DX39	UniRef90_A0A6A6X7G3	43.8	274	135	5	18	279	29	295	1.2e-54	223.4
EUK_Mixia_G7DX39	UniRef90_A0A8H8QNY0	44.9	283	146	5	9	285	1818	2096	1.5e-54	223.0
EUK_Mixia_G7DX39	UniRef90_Q9HGT7	41.3	269	143	4	18	274	35	300	2.6e-54	222.2
EUK_Mixia_G7DX39	UniRef90_R4XB45	44.9	234	128	1	43	276	9	241	2.6e-54	222.2
EUK_Mixia_G7DX39	UniRef90_R1GWS8	43.9	264	133	4	18	269	33	293	3.4e-54	221.9
EUK_Mixia_G7DX39	UniRef90_A0A517KZQ0	43.6	275	139	5	18	280	31	301	3.4e-54	221.9
EUK_Mixia_G7DX39	UniRef90_A0A6G1LAY1	42.0	274	144	6	21	280	27	299	3.4e-54	221.9
EUK_Mixia_G7DX39	UniRef90_A0A6A5Y9I2	42.4	264	137	4	18	269	29	289	3.4e-54	221.9
EUK_Mixia_G7DX39	UniRef90_R7YKV4	42.5	273	141	5	15	274	29	298	4.4e-54	221.5
EUK_Mixia_G7DX39	UniRef90_A0A6A6CZI8	39.4	287	153	5	4	269	1	287	4.4e-54	221.5
EUK_Mixia_G7DX39	UniRef90_A0A6A6BBW8	42.4	264	137	4	18	269	42	302	5.8e-54	221.1
EUK_Mixia_G7DX39	UniRef90_A0A6A6Q4K1	41.5	277	143	6	18	280	29	300	5.8e-54	221.1
EUK_Mixia_G7DX39	UniRef90_A0A6A5U2N0	43.2	264	135	3	18	269	31	291	5.8e-54	221.1
EUK_Mixia_G7DX39	UniRef90_A0A2S6CNJ8	40.3	288	159	4	5	280	10	296	5.8e-54	221.1
EUK_Mixia_G7DX39	UniRef90_M2SED9	43.4	265	133	5	19	269	25	286	5.8e-54	221.1
EUK_Mixia_G7DX39	UniRef90_A0A6J3M6C5	42.0	264	138	4	18	269	19	279	5.8e-54	221.1
EUK_Mixia_G7DX39	UniRef90_A0A316YRK3	47.2	267	133	6	10	273	6	267	7.5e-54	220.7
EUK_Mixia_G7DX39	UniRef90_A0A6G1JUJ3	44.5	247	125	3	35	269	43	289	1.3e-53	219.9
EUK_Mixia_G7DX39	UniRef90_A0A9P9DXM4	42.0	264	137	3	18	269	30	289	1.3e-53	219.9
EUK_Mixia_G7DX39	UniRef90_UPI00144ADD07	42.0	264	138	4	18	269	29	289	1.7e-53	219.5
EUK_Mixia_G7DX39	UniRef90_A0A150URP9	40.8	272	144	4	21	279	24	291	1.7e-53	219.5
EUK_Mixia_G7DX39	UniRef90_A0A9Q8ZJ18	44.2	249	125	3	34	269	39	286	1.7e-53	219.5
EUK_Mixia_G7DX39	UniRef90_A0A2T3AND3	43.3	263	136	4	34	283	24	286	1.7e-53	219.5
EUK_Mixia_G7DX39	UniRef90_A0A6A5VE87	43.8	249	128	2	33	269	51	299	2.2e-53	219.2
EUK_Mixia_G7DX39	UniRef90_A0A178EL70	42.4	269	140	3	18	274	35	300	2.2e-53	219.2
EUK_Mixia_G7DX39	UniRef90_A0A9P4NMN5	42.5	266	138	4	16	269	27	289	2.2e-53	219.2
EUK_Mixia_G7DX39	UniRef90_N1PYR2	39.4	287	153	5	4	269	1	287	2.2e-53	219.2
EUK_Mixia_G7DX39	UniRef90_A0A9W9CDA9	44.9	245	123	2	37	269	56	300	2.9e-53	218.8
EUK_Mixia_G7DX39	UniRef90_A0A6H0XSJ3	44.2	249	127	3	33	269	35	283	2.9e-53	218.8
EUK_Mixia_G7DX39	UniRef90_A0A4V1X477	44.4	248	124	5	35	269	45	291	3.7e-53	218.4
