EUK_Mixia_G7DX39	UniRef50_G7DX39	100.0	323	0	0	1	323	1	323	3.5e-182	645.2
EUK_Mixia_G7DX39	UniRef50_A0A0D1EC87	46.5	284	140	6	9	285	10	288	3.2e-58	233.4
EUK_Mixia_G7DX39	UniRef50_A0A317XXK4	44.2	285	146	6	9	285	181	460	2.7e-57	230.3
EUK_Mixia_G7DX39	UniRef50_F4S3M3	46.7	229	118	1	41	269	40	264	1.0e-56	228.4
EUK_Mixia_G7DX39	UniRef50_R4XKS9	44.0	243	135	1	34	276	22	263	1.8e-56	227.6
EUK_Mixia_G7DX39	UniRef50_A0A8H8QNY0	44.9	283	146	5	9	285	1818	2096	4.3e-55	223.0
EUK_Mixia_G7DX39	UniRef50_A0A6A6BBW8	42.4	264	137	4	18	269	42	302	1.6e-54	221.1
EUK_Mixia_G7DX39	UniRef50_M2LKG9	41.7	264	139	4	18	269	25	285	1.8e-53	217.6
EUK_Mixia_G7DX39	UniRef50_A0A316VHF9	44.9	283	143	7	10	282	6	285	1.8e-53	217.6
EUK_Mixia_G7DX39	UniRef50_A0A1Y1YWQ8	42.4	264	137	4	18	269	24	284	3.1e-53	216.9
EUK_Mixia_G7DX39	UniRef50_N1Q8M8	41.1	275	146	5	18	280	20	290	4.1e-53	216.5
EUK_Mixia_G7DX39	UniRef50_A0A084B629	38.8	276	153	3	18	280	517	789	5.3e-53	216.1
EUK_Mixia_G7DX39	UniRef50_A0A4T0DVF0	38.6	285	162	3	4	275	57	341	5.3e-53	216.1
EUK_Mixia_G7DX39	UniRef50_Q9UW81	41.5	248	132	2	35	269	41	288	6.5e-51	209.1
EUK_Mixia_G7DX39	UniRef50_A0A0D2FVJ8	41.3	264	140	4	18	269	140	400	5.5e-50	206.1
EUK_Mixia_G7DX39	UniRef50_A0A0B1P8N0	42.5	247	137	2	16	261	11	253	2.7e-49	203.8
EUK_Mixia_G7DX39	UniRef50_A0A5N6KJ15	41.3	242	131	2	33	263	207	448	4.6e-49	203.0
EUK_Mixia_G7DX39	UniRef50_A0A0E9NKB4	44.8	241	125	2	37	269	58	298	4.6e-49	203.0
EUK_Mixia_G7DX39	UniRef50_A0A553HJD1	40.2	261	146	3	18	269	31	290	1.8e-48	201.1
EUK_Mixia_G7DX39	UniRef50_A0A0D2H7D9	41.4	256	134	4	35	278	36	287	2.3e-48	200.7
EUK_Mixia_G7DX39	UniRef50_UPI00200731EA	39.1	261	146	3	18	269	32	288	3.0e-48	200.3
EUK_Mixia_G7DX39	UniRef50_Q2GPU6	38.3	269	150	4	18	273	24	289	2.0e-47	197.6
EUK_Mixia_G7DX39	UniRef50_A0A6G1GHE9	38.7	279	149	6	18	280	32	304	4.4e-47	196.4
EUK_Mixia_G7DX39	UniRef50_A0A1Y1HL70	44.1	229	125	2	36	262	9	236	2.8e-46	193.7
EUK_Mixia_G7DX39	UniRef50_A0A8H3YE91	42.0	257	140	4	33	281	52	307	3.7e-46	193.4
EUK_Mixia_G7DX39	UniRef50_A0A218ZH68	40.2	249	135	3	18	255	255	500	6.3e-46	192.6
EUK_Mixia_G7DX39	UniRef50_I0YUS5	44.2	224	123	2	32	255	5	226	1.8e-45	191.0
EUK_Mixia_G7DX39	UniRef50_UPI00106719E4	44.2	224	123	2	32	255	5	226	1.8e-45	191.0
EUK_Mixia_G7DX39	UniRef50_A0A370TLN9	38.7	279	138	5	6	255	132	406	7.7e-44	185.7
EUK_Mixia_G7DX39	UniRef50_W9XPF7	41.3	242	127	3	48	278	1	238	1.3e-43	184.9
EUK_Mixia_G7DX39	UniRef50_A0A6A6UC61	37.0	265	156	3	9	263	1	264	2.5e-42	180.6
EUK_Mixia_G7DX39	UniRef50_A0A9N9ZDM8	33.1	281	175	4	2	269	4	284	5.5e-42	179.5
EUK_Mixia_G7DX39	UniRef50_A0A094AQZ9	35.6	250	146	2	18	255	436	682	1.6e-41	177.9
EUK_Mixia_G7DX39	UniRef50_A0A5J4XZL9	42.5	226	128	2	29	254	8	231	3.6e-41	176.8
EUK_Mixia_G7DX39	UniRef50_A0A5M6C708	36.4	261	151	5	31	278	59	317	6.7e-40	172.6
EUK_Mixia_G7DX39	UniRef50_A0A5N6KXX2	39.3	242	139	2	31	265	1209	1449	1.1e-39	171.8
EUK_Mixia_G7DX39	UniRef50_A0A0J9W6M3	36.3	245	144	2	37	269	34	278	1.1e-39	171.8
EUK_Mixia_G7DX39	UniRef50_A0A3M7FD34	36.9	260	156	4	13	265	6	264	2.6e-39	170.6
EUK_Mixia_G7DX39	UniRef50_A0A5N5DSK4	36.9	268	155	5	9	265	4	268	4.4e-39	169.9
EUK_Mixia_G7DX39	UniRef50_A0A428QY72	33.7	273	169	3	9	269	5	277	9.7e-39	168.7
EUK_Mixia_G7DX39	UniRef50_A0A164QU14	38.8	219	125	2	61	270	68	286	1.3e-38	168.3
EUK_Mixia_G7DX39	UniRef50_A0A8H3V517	37.6	242	143	2	31	265	15	255	1.7e-38	167.9
EUK_Mixia_G7DX39	UniRef50_A0A428UE53	35.8	285	172	6	10	284	559	842	2.2e-38	167.5
EUK_Mixia_G7DX39	UniRef50_W9C256	38.0	242	142	2	31	265	25	265	2.2e-38	167.5
EUK_Mixia_G7DX39	UniRef50_A0A1V8SNI6	37.2	242	144	2	31	265	21	261	3.7e-38	166.8
EUK_Mixia_G7DX39	UniRef50_A0A0S6XI76	36.2	243	149	3	28	265	23	264	3.7e-38	166.8
EUK_Mixia_G7DX39	UniRef50_A0A6A6NS17	37.6	226	128	3	62	274	52	277	4.8e-38	166.4
EUK_Mixia_G7DX39	UniRef50_S0ELR6	38.4	242	141	3	31	265	27	267	6.3e-38	166.0
EUK_Mixia_G7DX39	UniRef50_K1Y8S4	36.1	263	155	4	31	283	295	554	1.4e-37	164.9
EUK_Mixia_G7DX39	UniRef50_A0A3M7GR31	33.1	260	166	2	13	265	6	264	3.1e-37	163.7
