XeR_Nostoc	UniRef90_Q8YSC4	100.0	261	0	0	1	261	1	261	1.0e-149	538.9
XeR_Nostoc	UniRef90_UPI001681BA92	89.3	261	28	0	1	261	1	261	1.3e-136	495.4
XeR_Nostoc	UniRef90_A0AA40SV90	86.3	262	35	1	1	261	1	262	8.0e-131	476.1
XeR_Nostoc	UniRef90_UPI0016870F7A	85.1	261	39	0	1	261	1	261	1.8e-130	474.9
XeR_Nostoc	UniRef90_A0A1Z4IC28	85.1	261	39	0	1	261	1	261	3.7e-128	467.2
XeR_Nostoc	UniRef90_UPI0025AA4827	80.9	262	49	1	1	261	1	262	1.4e-122	448.7
XeR_Nostoc	UniRef90_A0A2H2XBQ5	81.9	260	44	2	1	259	1	258	3.1e-122	447.6
XeR_Nostoc	UniRef90_A0A930XBC0	81.2	260	46	2	1	259	1	258	1.5e-121	445.3
XeR_Nostoc	UniRef90_A0A9E8ZCC3	77.4	261	56	2	1	260	1	259	1.0e-117	432.6
XeR_Nostoc	UniRef90_A0A8J7FVH2	78.0	259	56	1	1	258	1	259	3.9e-117	430.6
XeR_Nostoc	UniRef90_A0A930XI48	74.0	265	65	2	1	261	1	265	4.0e-114	420.6
XeR_Nostoc	UniRef90_A0A951P8X6	74.5	267	60	2	1	260	1	266	1.5e-113	418.7
XeR_Nostoc	UniRef90_A0A969KQC5	73.6	261	65	2	1	260	1	258	3.4e-113	417.5
XeR_Nostoc	UniRef90_UPI0025B4A839	76.9	260	59	1	1	259	1	260	9.9e-113	416.0
XeR_Nostoc	UniRef90_B7KKH0	74.3	261	66	1	1	260	1	261	1.1e-111	412.5
XeR_Nostoc	UniRef90_K9UDV6	80.6	232	45	0	1	232	1	232	1.3e-109	405.6
XeR_Nostoc	UniRef90_UPI001FE7BDD5	77.5	249	55	1	1	248	1	249	3.0e-109	404.4
XeR_Nostoc	UniRef90_A0A8J7EH67	73.2	265	59	3	1	258	1	260	3.6e-107	397.5
XeR_Nostoc	UniRef90_A0A2P8W550	80.6	227	43	1	1	226	1	227	5.2e-106	393.7
XeR_Nostoc	UniRef90_UPI0021F24B09	78.7	225	47	1	1	224	3	227	8.4e-104	386.3
XeR_Nostoc	UniRef90_A0A2T2W344	70.4	260	75	2	1	258	1	260	1.1e-103	386.0
XeR_Nostoc	UniRef90_UPI00286B4FBA	68.4	269	76	2	1	260	1	269	3.2e-103	384.4
XeR_Nostoc	UniRef90_A0A350XF02	68.4	266	78	2	1	260	1	266	7.1e-103	383.3
XeR_Nostoc	UniRef90_A0A926SLQ3	79.1	225	46	1	1	224	1	225	7.8e-102	379.8
XeR_Nostoc	UniRef90_A0A2P8QWW1	74.6	228	58	0	1	228	1	228	8.1e-99	369.8
XeR_Nostoc	UniRef90_A0A0D8ZMP0	64.7	266	88	2	1	260	1	266	3.4e-97	364.4
XeR_Nostoc	UniRef90_A0AA97EF24	66.3	258	83	1	1	254	1	258	6.4e-96	360.1
XeR_Nostoc	UniRef90_A0A8J7B835	73.2	228	61	0	1	228	1	228	8.4e-96	359.8
XeR_Nostoc	UniRef90_A0A5Q4E204	69.3	238	69	1	1	234	1	238	7.1e-95	356.7
XeR_Nostoc	UniRef90_A0A2W4TRN2	66.4	256	85	1	1	255	1	256	3.5e-94	354.4
XeR_Nostoc	UniRef90_A0A926V7J7	70.1	231	69	0	1	231	1	231	4.6e-94	354.0
XeR_Nostoc	UniRef90_K9XIR7	63.7	267	86	4	1	260	1	263	1.0e-93	352.8
XeR_Nostoc	UniRef90_A0A927ENI9	72.4	225	62	0	1	225	1	225	1.0e-93	352.8
XeR_Nostoc	UniRef90_A0A926PY22	70.1	234	70	0	1	234	1	234	1.0e-93	352.8
XeR_Nostoc	UniRef90_A0A926X8P0	72.4	228	63	0	1	228	1	228	1.7e-93	352.1
XeR_Nostoc	UniRef90_A0A926UDI1	71.5	228	65	0	1	228	1	228	3.9e-93	350.9
XeR_Nostoc	UniRef90_UPI0023B27A9D	66.1	242	78	1	1	238	1	242	6.6e-93	350.1
XeR_Nostoc	UniRef90_A0A2G7GF90	61.8	267	90	4	1	260	1	262	2.5e-92	348.2
XeR_Nostoc	UniRef90_A0A969FFI9	62.2	267	94	3	1	260	1	267	4.8e-91	344.0
XeR_Nostoc	UniRef90_A0A3S1AGP4	63.9	266	89	3	1	259	1	266	8.1e-91	343.2
XeR_Nostoc	UniRef90_UPI0016846037	69.3	228	70	0	1	228	1	228	8.1e-91	343.2
XeR_Nostoc	UniRef90_A0A6N8G1P5	65.1	249	80	3	1	242	1	249	1.5e-89	339.0
XeR_Nostoc	UniRef90_A0A0P7YZ09	69.6	224	68	0	1	224	1	224	1.5e-89	339.0
XeR_Nostoc	UniRef90_A0A8J7FDH7	62.2	267	94	3	1	260	1	267	3.4e-89	337.8
XeR_Nostoc	UniRef90_A0A2N6KA72	61.5	265	95	3	1	258	1	265	1.7e-88	335.5
XeR_Nostoc	UniRef90_A0A8J7EW44	68.1	232	73	1	1	232	1	231	8.4e-88	333.2
XeR_Nostoc	UniRef90_A0A968UBD0	63.7	237	81	1	1	232	1	237	9.6e-84	319.7
XeR_Nostoc	UniRef90_A0A433NPX7	60.7	270	97	5	1	261	1	270	2.1e-83	318.5
XeR_Nostoc	UniRef90_A0A8J8CI44	56.7	270	106	5	1	261	1	268	2.6e-81	311.6
XeR_Nostoc	UniRef90_K9U4X1	56.9	267	108	3	1	260	1	267	8.4e-80	306.6
