XeR_Nostoc	UniRef50_A0A0P7YZ09	69.6	224	68	0	1	224	1	224	4.4e-90	339.0
XeR_Nostoc	UniRef50_A0A1G1STR4	56.2	210	89	1	18	224	4	213	5.4e-64	252.3
XeR_Nostoc	UniRef50_A0A6I0FE40	53.7	218	100	1	7	224	8	224	2.8e-60	240.0
XeR_Nostoc	UniRef50_A0A1L3MLR8	48.0	227	117	1	2	228	3	228	1.2e-55	224.6
XeR_Nostoc	UniRef50_A0A1H6XB79	47.3	224	117	1	9	231	9	232	6.0e-55	222.2
XeR_Nostoc	UniRef50_A0A072NB13	48.7	226	114	2	2	226	4	228	1.1e-53	218.0
XeR_Nostoc	UniRef50_A0A1P9WTB2	49.1	224	113	1	1	224	14	236	9.6e-53	214.9
XeR_Nostoc	UniRef50_A0A259U1H3	49.1	224	110	3	1	222	1	222	2.1e-52	213.8
XeR_Nostoc	UniRef50_A0A519SK79	55.3	179	77	1	1	176	1	179	1.5e-50	207.6
XeR_Nostoc	UniRef50_A0A271IX38	48.4	213	106	3	15	225	1	211	1.6e-47	197.6
XeR_Nostoc	UniRef50_A0A3R9M9T5	47.7	174	89	2	15	187	1	173	4.9e-41	176.0
XeR_Nostoc	UniRef50_UPI0025C16FD1	60.0	125	49	1	136	259	6	130	9.9e-34	151.8
XeR_Nostoc	UniRef50_D7CXV3	48.4	157	80	1	44	200	6	161	2.9e-33	150.2
XeR_Nostoc	UniRef50_A0A925XUD8	34.6	234	149	4	1	232	1	232	3.5e-31	143.3
XeR_Nostoc	UniRef50_B8HWV7	36.2	221	139	2	9	228	8	227	1.1e-29	138.3
XeR_Nostoc	UniRef50_A0A923N570	52.1	119	57	0	4	122	5	123	7.4e-29	135.6
XeR_Nostoc	UniRef50_Q1AUE6	34.7	225	146	1	3	226	1	225	4.8e-28	132.9
XeR_Nostoc	UniRef50_A0A1Q4ZQH2	33.3	222	147	1	9	229	7	228	6.2e-28	132.5
XeR_Nostoc	UniRef50_UPI00220D8E58	32.0	219	139	4	5	220	6	217	1.0e-25	125.2
XeR_Nostoc	UniRef50_A0A7H0GW45	54.2	118	52	2	30	147	5	120	1.0e-25	125.2
XeR_Nostoc	UniRef50_A0A2R6DJW3	34.5	238	145	5	3	234	21	253	1.3e-25	124.8
XeR_Nostoc	UniRef50_UPI00146FA852	61.5	91	35	0	2	92	4	94	1.7e-25	124.4
XeR_Nostoc	UniRef50_A0A402ATH3	31.7	208	141	1	9	216	9	215	1.1e-24	121.7
XeR_Nostoc	UniRef50_A0A4Q2U3N5	28.9	235	161	1	4	232	3	237	1.9e-24	120.9
XeR_Nostoc	UniRef50_A0A502GBB7	31.5	219	136	5	9	216	8	223	3.2e-24	120.2
XeR_Nostoc	UniRef50_P69051	33.0	221	133	6	15	227	32	245	4.2e-24	119.8
XeR_Nostoc	UniRef50_A0A0D8ZW42	30.5	220	148	2	9	227	7	222	4.2e-24	119.8
XeR_Nostoc	UniRef50_A0A2H2Y0M0	30.4	227	152	3	9	234	7	228	5.5e-24	119.4
XeR_Nostoc	UniRef50_A0A938EPH0	30.5	226	146	3	9	228	13	233	9.3e-24	118.6
XeR_Nostoc	UniRef50_A0A966QHT7	30.9	233	151	5	1	224	3	234	1.2e-23	118.2
XeR_Nostoc	UniRef50_UPI0015775044	30.0	217	149	3	9	222	8	224	3.5e-23	116.7
XeR_Nostoc	UniRef50_A0A4Q2RG75	35.1	211	131	5	9	216	8	215	4.6e-23	116.3
XeR_Nostoc	UniRef50_A0A6G3ZG40	32.0	225	143	5	14	237	15	230	6.0e-23	115.9
XeR_Nostoc	UniRef50_A0A6J4UQD4	30.7	228	146	4	8	228	9	231	1.0e-22	115.2
XeR_Nostoc	UniRef50_A0A252D874	31.1	238	157	4	9	245	7	238	1.8e-22	114.4
XeR_Nostoc	UniRef50_A0A924HUX2	26.8	220	153	2	9	221	16	234	1.8e-22	114.4
XeR_Nostoc	UniRef50_A0A924E4Y5	27.7	235	157	2	2	223	5	239	1.8e-22	114.4
XeR_Nostoc	UniRef50_U1R2U7	32.6	227	134	8	2	216	8	227	2.3e-22	114.0
XeR_Nostoc	UniRef50_A0A0Q4L756	31.2	205	136	3	15	215	13	216	3.9e-22	113.2
XeR_Nostoc	UniRef50_UPI0009FD7C88	31.9	213	136	4	9	213	24	235	3.9e-22	113.2
XeR_Nostoc	UniRef50_A0A0C6F7V1	26.4	216	151	1	9	216	8	223	8.7e-22	112.1
XeR_Nostoc	UniRef50_A0A0C7PQA0	32.4	188	125	2	37	224	44	229	8.7e-22	112.1
XeR_Nostoc	UniRef50_A0A7V7TUE7	32.1	218	139	5	9	218	63	279	1.1e-21	111.7
XeR_Nostoc	UniRef50_A0A2A2SBC3	29.3	229	158	4	9	233	88	316	4.3e-21	109.8
XeR_Nostoc	UniRef50_A0A8J6T594	34.5	171	107	2	54	224	1	166	5.7e-21	109.4
XeR_Nostoc	UniRef50_A0A139AI58	32.9	216	135	6	6	219	8	215	2.1e-20	107.5
XeR_Nostoc	UniRef50_P94854	30.5	243	148	6	4	232	7	242	2.8e-20	107.1
XeR_Nostoc	UniRef50_A0A5B2VFD4	31.1	222	149	4	9	226	15	236	4.8e-20	106.3
XeR_Nostoc	UniRef50_A0A938EDB5	28.1	231	156	2	4	227	7	234	4.8e-20	106.3
XeR_Nostoc	UniRef50_Q53496	29.3	239	148	6	4	228	14	245	1.8e-19	104.4
